# Projected DOS for atomic kind P at iteration step i = 0, E(Fermi) =    -0.138077 a.u.
#     MO Eigenvalue [a.u.]      Occupation                 s                py                pz                px               d-2               d-1                d0               d+1               d+2
       1         -0.691134        2.000000        0.83560283        0.00086320        0.10663593        0.05187788        0.00007081        0.00000120        0.00182064        0.00268530        0.00044220
       2         -0.680000        2.000000        0.73827128        0.00025219        0.09318016        0.15932022        0.00002562        0.00000048        0.00422939        0.00375056        0.00097011
       3         -0.673825        2.000000        0.73004028        0.03005416        0.09339224        0.13627327        0.00147497        0.00004408        0.00420404        0.00367461        0.00084236
       4         -0.664607        2.000000        0.61852964        0.24654487        0.09342006        0.02675653        0.01090911        0.00035764        0.00042932        0.00301300        0.00003982
       5         -0.663894        2.000000        0.62062585        0.23012009        0.09150493        0.04230541        0.01064638        0.00033609        0.00116444        0.00317051        0.00012631
       6         -0.653858        2.000000        0.60584099        0.19717916        0.08485801        0.09108604        0.01353720        0.00028091        0.00314514        0.00387578        0.00019677
       7         -0.653638        2.000000        0.60526788        0.20198985        0.08519679        0.08662644        0.01381182        0.00028664        0.00285186        0.00381987        0.00014885
       8         -0.650141        2.000000        0.61756213        0.08636918        0.07605136        0.19737676        0.00580664        0.00013103        0.01003022        0.00529808        0.00137459
       9         -0.647712        2.000000        0.62503605        0.06148179        0.07343582        0.21677098        0.00435817        0.00008548        0.01164177        0.00548963        0.00170032
      10         -0.646748        2.000000        0.61447045        0.15217735        0.07961139        0.13066605        0.01113262        0.00021451        0.00657319        0.00442609        0.00072834
      11         -0.636176        2.000000        0.61182114        0.11420998        0.07183845        0.17285169        0.01116071        0.00013955        0.01175700        0.00516647        0.00105501
      12         -0.622926        2.000000        0.58160155        0.14171227        0.06789437        0.17188387        0.01961689        0.00009951        0.01104443        0.00576188        0.00038525
      13         -0.621942        2.000000        0.58684978        0.13388639        0.06758393        0.17398146        0.01855541        0.00009996        0.01273909        0.00572896        0.00057503
      14         -0.618831        2.000000        0.58280134        0.14343811        0.07078134        0.16562807        0.01956182        0.00015104        0.01138714        0.00576391        0.00048723
      15         -0.616847        2.000000        0.60723267        0.06975182        0.07394927        0.20510801        0.00867968        0.00008249        0.02680455        0.00595204        0.00243947
      16         -0.611984        2.000000        0.62334814        0.01304994        0.08058470        0.23382697        0.00178785        0.00001263        0.03773275        0.00579587        0.00386115
      17         -0.605091        2.000000        0.61324297        0.05895137        0.09721651        0.17744643        0.00682775        0.00009063        0.03896734        0.00432576        0.00293123
      18         -0.593175        2.000000        0.59044103        0.07761064        0.09423245        0.18226582        0.01000192        0.00003756        0.03807162        0.00495368        0.00238528
      19         -0.589348        2.000000        0.52640573        0.32514679        0.08236444        0.01697215        0.03188430        0.00161097        0.00888896        0.00481810        0.00190857
      20         -0.589124        2.000000        0.52855816        0.31836315        0.08205456        0.02147628        0.03183488        0.00155218        0.00942794        0.00485529        0.00187757
      21         -0.587402        2.000000        0.55405872        0.16787205        0.07002847        0.15546037        0.02157175        0.00019158        0.02404439        0.00576110        0.00101158
      22         -0.586167        2.000000        0.55614398        0.17520192        0.07081893        0.14450489        0.02342709        0.00022736        0.02306260        0.00548547        0.00112776
      23         -0.585278        2.000000        0.55750505        0.15981567        0.07051462        0.15968866        0.02052238        0.00012849        0.02534919        0.00552883        0.00094711
      24         -0.582607        2.000000        0.56702244        0.27776416        0.08569025        0.00873265        0.04375683        0.00111045        0.00876158        0.00489632        0.00226531
      25         -0.582409        2.000000        0.56775475        0.27255858        0.08510060        0.01379971        0.04326797        0.00105744        0.00934883        0.00489083        0.00222130
      26         -0.579619        2.000000        0.56736843        0.21950842        0.08727274        0.06760229        0.03229868        0.00066002        0.01882788        0.00464430        0.00181725
      27         -0.577731        2.000000        0.59799861        0.22760669        0.08743650        0.01837260        0.04991743        0.00055029        0.01076194        0.00502018        0.00233577
      28         -0.576515        2.000000        0.58544276        0.18313308        0.09014039        0.07562332        0.03736097        0.00025916        0.02173735        0.00439768        0.00190528
      29         -0.567661        2.000000        0.54730160        0.18710124        0.08712752        0.11959121        0.02390394        0.00027919        0.03015380        0.00329232        0.00124919
      30         -0.564107        2.000000        0.58863352        0.21635017        0.07606208        0.05944896        0.03600329        0.00055065        0.01767820        0.00362896        0.00164417
      31         -0.545234        2.000000        0.56989533        0.22577732        0.07900902        0.06444037        0.03627136        0.00092586        0.01714307        0.00459097        0.00194670
      32         -0.503538        2.000000        0.42656996        0.36034265        0.04828218        0.10485097        0.04052790        0.00168032        0.01115828        0.00530112        0.00128660
      33         -0.501252        2.000000        0.40565376        0.39347428        0.04489758        0.09200605        0.04709620        0.00168972        0.00879699        0.00502907        0.00135634
      34         -0.498925        2.000000        0.48693714        0.26798799        0.06995830        0.10617212        0.04020062        0.00124000        0.01999592        0.00651502        0.00099289
      35         -0.495724        2.000000        0.51714558        0.19814234        0.09079239        0.11894543        0.03270976        0.00152610        0.03204037        0.00795676        0.00074126
      36         -0.495544        2.000000        0.54364712        0.13149567        0.10991725        0.13735768        0.02443225        0.00168694        0.04161844        0.00931585        0.00052878
      37         -0.493966        2.000000        0.44729815        0.34515649        0.05722209        0.07954014        0.05443985        0.00102086        0.00979004        0.00421824        0.00131414
      38         -0.493306        2.000000        0.45483751        0.33268432        0.05847331        0.08322822        0.05341975        0.00096052        0.01082090        0.00428834        0.00128713
      39         -0.490769        2.000000        0.44822729        0.34700989        0.06009820        0.07487124        0.05373022        0.00106777        0.00981687        0.00383768        0.00134084
      40         -0.489907        2.000000        0.46166211        0.32594917        0.06613840        0.07644515        0.05215971        0.00109485        0.01159272        0.00366171        0.00129616
      41         -0.483619        2.000000        0.49722903        0.13031510        0.14007491        0.15775702        0.02665825        0.00144147        0.04041346        0.00518807        0.00092271
      42         -0.483123        2.000000        0.49618033        0.13864382        0.13648976        0.15435234        0.02786435        0.00141230        0.03901716        0.00511621        0.00092373
      43         -0.478721        2.000000        0.50141998        0.12284284        0.13990788        0.16324703        0.02502300        0.00124633        0.04007627        0.00526231        0.00097436
      44         -0.478136        2.000000        0.48993119        0.11507120        0.13697989        0.18649895        0.02319028        0.00105327        0.03989359        0.00616843        0.00121319
      45         -0.477155        2.000000        0.46305934        0.00222731        0.14980416        0.31582503        0.00040410        0.00002223        0.05259162        0.01155525        0.00451095
      46         -0.474043        2.000000        0.41477633        0.00556408        0.18839125        0.33321477        0.00125596        0.00006564        0.04760733        0.00628333        0.00284133
      47         -0.463726        2.000000        0.46695653        0.12206860        0.12572053        0.22236072        0.01776255        0.00063400        0.03440686        0.00658311        0.00350709
      48         -0.455939        2.000000        0.45009529        0.13014169        0.15918054        0.19323592        0.02924280        0.00070542        0.03237717        0.00250425        0.00251693
      49         -0.448503        2.000000        0.42900384        0.08563915        0.18432068        0.23780611        0.02462889        0.00048099        0.03466901        0.00107121        0.00238011
      50         -0.447266        2.000000        0.39575191        0.04524343        0.21622331        0.28554556        0.01524723        0.00029853        0.03805252        0.00064072        0.00299678
      51         -0.446624        2.000000        0.38914039        0.03996486        0.22065603        0.29499760        0.01298797        0.00026414        0.03840289        0.00079366        0.00279245
      52         -0.442431        2.000000        0.44897436        0.10635707        0.17781439        0.20079460        0.02938679        0.00067520        0.03239892        0.00121698        0.00238168
      53         -0.439639        2.000000        0.44110694        0.08155680        0.18368858        0.23226578        0.02513753        0.00050967        0.03258345        0.00077825        0.00237299
      54         -0.410034        2.000000        0.44357598        0.11144208        0.18258361        0.19841982        0.03390637        0.00043454        0.02434384        0.00147670        0.00381706
      55         -0.398312        2.000000        0.45494685        0.13339049        0.18846799        0.15357217        0.04380427        0.00042240        0.02104483        0.00133949        0.00301151
      56         -0.394604        2.000000        0.44489267        0.12617630        0.19804007        0.16097954        0.04346836        0.00036329        0.02109607        0.00153057        0.00345313
      57         -0.394504        2.000000        0.39856461        0.08990909        0.23972196        0.21050044        0.03074155        0.00024257        0.02383034        0.00125977        0.00522967
      58         -0.392808        2.000000        0.34471281        0.04812524        0.28936595        0.26761941        0.01514219        0.00026149        0.02655056        0.00123855        0.00698379
      59         -0.386388        2.000000        0.37748692        0.07107045        0.25395180        0.24732017        0.02103361        0.00050696        0.02060349        0.00171610        0.00631049
      60         -0.368762        2.000000        0.52158065        0.26409350        0.09747730        0.03869154        0.06452414        0.00232085        0.00316480        0.00416585        0.00398136
      61         -0.362379        2.000000        0.52162281        0.28439670        0.09659511        0.01837303        0.06607787        0.00248707        0.00155285        0.00465596        0.00423861
      62         -0.348850        2.000000        0.02085859        0.56263161        0.07309382        0.27393570        0.01423641        0.01144591        0.00406421        0.00626602        0.03346773
      63         -0.348170        2.000000        0.02124328        0.56318307        0.07305191        0.27245916        0.01482439        0.01139825        0.00402237        0.00624210        0.03357548
      64         -0.347918        2.000000        0.02427145        0.56265315        0.07229134        0.26884921        0.01582957        0.01126588        0.00459924        0.00632949        0.03391067
      65         -0.347751        2.000000        0.02372061        0.55800565        0.07846492        0.26806264        0.01576890        0.01110455        0.00475264        0.00627440        0.03384570
      66         -0.343738        2.000000        0.04929793        0.04325262        0.66350036        0.20358917        0.00365778        0.00133994        0.02473241        0.00322060        0.00740918
      67         -0.337042        2.000000        0.03975055        0.55748656        0.07162934        0.25082610        0.02988095        0.01139283        0.00413032        0.00633396        0.02856938
      68         -0.336699        2.000000        0.04165672        0.55314958        0.07782390        0.24621067        0.02777545        0.01103263        0.00482891        0.00610591        0.03141622
      69         -0.336188        2.000000        0.04595329        0.54317300        0.08089525        0.25013237        0.03086450        0.01135322        0.00452962        0.00630842        0.02679033
      70         -0.335933        2.000000        0.03851853        0.54440851        0.08845695        0.24744134        0.02647453        0.01090247        0.00610129        0.00578397        0.03191239
      71         -0.329233        2.000000        0.03611631        0.29754289        0.30535741        0.30267286        0.00455996        0.00970736        0.02966356        0.00282492        0.01155473
      72         -0.329143        2.000000        0.03736302        0.28037886        0.32320486        0.30151327        0.00442936        0.00973667        0.03035606        0.00269248        0.01032541
      73         -0.328058        2.000000        0.03684374        0.27521896        0.34869414        0.27976704        0.00670512        0.01009713        0.02688699        0.00294767        0.01283921
      74         -0.327330        2.000000        0.04595455        0.32568722        0.21199035        0.36217638        0.00120931        0.01040548        0.03563965        0.00254937        0.00438770
      75         -0.327053        2.000000        0.03984306        0.27855203        0.30033902        0.32562424        0.00488357        0.01109501        0.03246766        0.00238562        0.00480978
      76         -0.325985        2.000000        0.04640079        0.21767304        0.43432871        0.23920571        0.01525843        0.01146165        0.02426432        0.00333947        0.00806786
      77         -0.325248        2.000000        0.03761663        0.42002402        0.19458140        0.27471668        0.01696838        0.01003801        0.02023963        0.00450540        0.02130985
      78         -0.324770        2.000000        0.03749005        0.45936932        0.16023426        0.26555901        0.01974229        0.00968504        0.01655198        0.00490290        0.02646515
      79         -0.320959        2.000000        0.13479305        0.25031337        0.29461661        0.25916923        0.01660177        0.01069926        0.01590134        0.00524908        0.01265629
      80         -0.319896        2.000000        0.03255624        0.32410002        0.24376435        0.34068595        0.00584487        0.01023031        0.03469924        0.00253122        0.00558780
      81         -0.319642        2.000000        0.02103917        0.32459490        0.23834284        0.36033068        0.00228507        0.01045877        0.03734442        0.00177256        0.00383159
      82         -0.317895        2.000000        0.05085094        0.35928980        0.28166709        0.23315600        0.02841561        0.01197405        0.01472138        0.00583875        0.01408638
      83         -0.315744        2.000000        0.06992658        0.32337130        0.28566715        0.24729150        0.02842586        0.01114842        0.01579783        0.00470301        0.01366835
      84         -0.309876        2.000000        0.20487672        0.20649695        0.21242783        0.31716363        0.02557488        0.01739449        0.00921825        0.00374439        0.00310286
      85         -0.308259        2.000000        0.45212324        0.11952099        0.15574651        0.23184342        0.00919112        0.00337243        0.00655187        0.00751627        0.01413416
      86         -0.305805        2.000000        0.25218410        0.17425544        0.19517231        0.32306170        0.02764016        0.01745052        0.00480810        0.00284114        0.00258652
      87         -0.301167        2.000000        0.10989810        0.23192404        0.28459649        0.30857413        0.01982060        0.00855883        0.00698143        0.01446889        0.01517748
      88         -0.299881        2.000000        0.07721653        0.06171362        0.28552664        0.51323562        0.00578387        0.00289477        0.00818923        0.02769789        0.01774182
      89         -0.291901        2.000000        0.12546271        0.21408167        0.28536026        0.32068537        0.01359076        0.01196206        0.01650002        0.00596023        0.00639692
      90         -0.287986        2.000000        0.20236737        0.04409842        0.52905803        0.18825913        0.00495208        0.00242753        0.00613365        0.01653654        0.00616725
      91         -0.281952        2.000000        0.18920187        0.14986828        0.28836913        0.31790451        0.01796835        0.01405997        0.00729585        0.00899727        0.00633477
      92         -0.279632        2.000000        0.15116425        0.04852910        0.46513074        0.28697273        0.00988035        0.00481722        0.00494421        0.01987577        0.00868563
      93         -0.278342        2.000000        0.05543820        0.03249295        0.27230616        0.56736277        0.01614925        0.00665711        0.00755190        0.02662338        0.01541829
      94         -0.276071        2.000000        0.09062182        0.05146561        0.30340430        0.48882815        0.01408901        0.00635695        0.00752688        0.02372235        0.01398493
      95         -0.271391        2.000000        0.15264833        0.15645749        0.26852273        0.36481815        0.02515313        0.01889880        0.00582605        0.00452792        0.00314741
      96         -0.269563        2.000000        0.16159877        0.14024802        0.24431980        0.39342917        0.02794035        0.01934541        0.00589307        0.00439760        0.00282780
      97         -0.267661        2.000000        0.14945252        0.14945038        0.28232578        0.35575165        0.02516927        0.01842899        0.00729696        0.00675698        0.00536747
      98         -0.266015        2.000000        0.14469412        0.14044579        0.32703760        0.33488535        0.01704742        0.01086943        0.00877262        0.00687540        0.00937228
      99         -0.264542        2.000000        0.00872035        0.89158276        0.02006752        0.01643890        0.04549262        0.01619966        0.00044787        0.00041090        0.00063941
     100         -0.261845        2.000000        0.13497699        0.13984268        0.30062990        0.36851259        0.00691061        0.00099852        0.01556820        0.01530524        0.01725528
     101         -0.261037        2.000000        0.12870200        0.24315813        0.27190047        0.30571389        0.01494142        0.00314105        0.00730031        0.00698135        0.01816137
     102         -0.258679        2.000000        0.13399066        0.08659345        0.28978617        0.42051041        0.00648651        0.00210545        0.01882522        0.02381560        0.01788654
     103         -0.256828        2.000000        0.12588982        0.10524526        0.46838192        0.25367305        0.00769260        0.00443104        0.00872770        0.01581382        0.01014479
     104         -0.256700        2.000000        0.11099189        0.32992153        0.21342339        0.28518689        0.02127930        0.00832148        0.00719192        0.00659128        0.01709233
     105         -0.255598        2.000000        0.02624142        0.77799911        0.05544103        0.06646737        0.05312910        0.01314759        0.00166429        0.00176825        0.00414185
     106         -0.252072        2.000000        0.10871887        0.05884082        0.23037611        0.51837823        0.00602038        0.00149484        0.02700883        0.03007807        0.01908385
     107         -0.248375        2.000000        0.05746132        0.66457695        0.04276469        0.16076893        0.04572202        0.00865079        0.00209593        0.00248392        0.01547545
     108         -0.244011        2.000000        0.10442486        0.03327826        0.62217545        0.17846028        0.00331403        0.00102526        0.00589787        0.04324281        0.00818117
     109         -0.242975        2.000000        0.08808421        0.35418084        0.23912623        0.24721515        0.03333189        0.00679892        0.00508099        0.01070198        0.01547979
     110         -0.241847        2.000000        0.10005808        0.07148214        0.57271761        0.19364051        0.00963107        0.00394243        0.00844773        0.03381172        0.00626872
     111         -0.241042        2.000000        0.11955167        0.12575156        0.40083121        0.29357941        0.01382037        0.00625887        0.00867407        0.01850594        0.01302690
     112         -0.238546        2.000000        0.10852719        0.17175094        0.39479604        0.26589437        0.02146977        0.00780993        0.01081348        0.01287726        0.00606102
     113         -0.238520        2.000000        0.11035619        0.15639639        0.33217986        0.34451501        0.01735885        0.00578640        0.01046273        0.01188405        0.01106053
     114         -0.236802        2.000000        0.08977389        0.11591688        0.39208375        0.33861746        0.01819803        0.00657833        0.01436668        0.01505663        0.00940835
     115         -0.234256        2.000000        0.07922612        0.17266842        0.18619846        0.50771579        0.02618341        0.00398054        0.00802099        0.00844774        0.00755853
     116         -0.233965        2.000000        0.06795214        0.16998054        0.20981106        0.48292642        0.02401862        0.00334272        0.01291033        0.01331942        0.01573874
     117         -0.232961        2.000000        0.05163340        0.17803208        0.24852109        0.43925905        0.02411530        0.00281934        0.01774993        0.01744993        0.02041987
     118         -0.232530        2.000000        0.00780392        0.79451791        0.03284711        0.05902962        0.09045587        0.00849194        0.00216944        0.00183477        0.00284941
     119         -0.225615        2.000000        0.09814589        0.10850680        0.26212773        0.46305449        0.01283039        0.00467335        0.01332863        0.01967821        0.01765453
     120         -0.223324        2.000000        0.06848907        0.21360354        0.19800531        0.44968598        0.02871059        0.00473225        0.01321655        0.01034465        0.01321206
     121         -0.221630        2.000000        0.04215997        0.61396515        0.13608724        0.10887136        0.07580117        0.01329862        0.00224623        0.00371626        0.00385399
     122         -0.212041        2.000000        0.00315210        0.85765903        0.01074585        0.00426692        0.11517382        0.00816751        0.00018416        0.00026119        0.00038941
     123         -0.210225        2.000000        0.04028062        0.67396515        0.14143489        0.02447566        0.09029494        0.02286227        0.00154133        0.00233503        0.00281009
     124         -0.207619        2.000000        0.13700568        0.17036513        0.44475045        0.13381127        0.02733288        0.05802756        0.00855154        0.00666607        0.01348941
     125         -0.206248        2.000000        0.09682055        0.35386339        0.35458149        0.08094097        0.05214752        0.04308726        0.00527378        0.00638288        0.00690216
     126         -0.204731        2.000000        0.09831543        0.05017241        0.63341775        0.12806868        0.01014185        0.02847400        0.00787384        0.03419288        0.00934316
     127         -0.202710        2.000000        0.11621256        0.12609105        0.49752156        0.16949002        0.01300791        0.03953694        0.00805834        0.01762304        0.01245859
     128         -0.198300        2.000000        0.09635239        0.12176670        0.21699029        0.50562099        0.00659201        0.01550811        0.02264237        0.00450442        0.01002273
     129         -0.197543        2.000000        0.09194928        0.15043721        0.22644146        0.46284489        0.00503262        0.02491398        0.02851732        0.00439547        0.00546776
     130         -0.196784        2.000000        0.09416171        0.07683381        0.21061677        0.56593922        0.00271477        0.01205826        0.02168259        0.00369638        0.01229650
     131         -0.195514        2.000000        0.09710622        0.17047802        0.24593539        0.40064720        0.01088319        0.02566222        0.02783360        0.01365897        0.00779519
     132         -0.194887        2.000000        0.10023416        0.17280045        0.23921984        0.40317140        0.01104003        0.02608393        0.02773017        0.01232689        0.00739312
     133         -0.191946        2.000000        0.08289618        0.14798416        0.30119694        0.38573867        0.00830261        0.01932197        0.02294596        0.02115015        0.01046336
     134         -0.191515        2.000000        0.08183350        0.14890090        0.29765144        0.38885243        0.00839816        0.01904634        0.02316331        0.02133716        0.01081677
     135         -0.188334        2.000000        0.08364375        0.19280753        0.29930896        0.33698383        0.01456695        0.01688317        0.02129844        0.02379276        0.01071461
     136         -0.186709        2.000000        0.09321075        0.04926223        0.51479994        0.25267260        0.00344462        0.01169936        0.02149756        0.04389976        0.00951318
     137         -0.185526        2.000000        0.09576674        0.13618026        0.41436102        0.28517933        0.00766006        0.02112086        0.01529417        0.01561343        0.00882412
     138         -0.185326        2.000000        0.10609851        0.11079826        0.54671282        0.18822629        0.00534744        0.02672362        0.00556169        0.00606265        0.00446871
     139         -0.185096        2.000000        0.09778821        0.08042995        0.55823406        0.19116714        0.00386202        0.01765274        0.01162989        0.03252001        0.00671598
     140         -0.184041        2.000000        0.10427699        0.07156657        0.60763470        0.15370281        0.00252962        0.02247638        0.00639002        0.02536670        0.00605620
     141         -0.182863        2.000000        0.10200497        0.06925655        0.62682567        0.13257109        0.00477325        0.01826700        0.00633330        0.03288008        0.00708810
     142         -0.182845        2.000000        0.10406368        0.07152476        0.61992447        0.14044257        0.00450295        0.01989107        0.00593069        0.02714554        0.00657425
     143         -0.181870        2.000000        0.10061190        0.03413406        0.57331969        0.19947279        0.00533119        0.01085748        0.01560195        0.04718684        0.01348411
     144         -0.181279        2.000000        0.10814462        0.07450932        0.25123109        0.46571380        0.00480886        0.00594424        0.04438315        0.03174568        0.01351924
     145         -0.179446        2.000000        0.11077814        0.04340986        0.67595936        0.08523532        0.00803379        0.01434569        0.00616337        0.04712626        0.00894821
     146         -0.177754        2.000000        0.10478693        0.05825460        0.63439849        0.14655590        0.00584617        0.01177962        0.00595519        0.02578488        0.00663822
     147         -0.177693        2.000000        0.09542771        0.12800728        0.59389680        0.14525722        0.00807041        0.00953774        0.00344202        0.01195985        0.00440099
     148         -0.176482        2.000000        0.10669808        0.02354150        0.52679513        0.25687940        0.00443014        0.00957463        0.02126719        0.03854355        0.01227038
     149         -0.167743        2.000000        0.09516331        0.09254219        0.18550052        0.56213878        0.00588390        0.00525095        0.02830762        0.00867650        0.01653623
     150         -0.165910        2.000000        0.09749021        0.02248601        0.67421443        0.12988095        0.00900756        0.02388833        0.00729491        0.02591038        0.00982723
     151         -0.159849        2.000000        0.10435432        0.00568000        0.13469922        0.70272297        0.00051361        0.00047977        0.02991169        0.00302618        0.01861224
     152         -0.157720        2.000000        0.05860215        0.08728493        0.57813039        0.19019930        0.01073337        0.01203930        0.01157053        0.04102572        0.01041431
     153         -0.151132        2.000000        0.09202544        0.02404083        0.74420818        0.06364332        0.01195179        0.02845639        0.00205479        0.02484211        0.00877715
     154         -0.148313        2.000000        0.04278931        0.15154387        0.35977664        0.35549594        0.01138393        0.01717756        0.01526338        0.01550339        0.03106598
     155         -0.138077        2.000000        0.07178339        0.07490740        0.62544282        0.14233591        0.00720915        0.01002196        0.00532032        0.04328826        0.01969078
     156         -0.123108        0.000000        0.05466647        0.07007078        0.60207072        0.16275077        0.01480543        0.01562933        0.01004286        0.04451319        0.02545046
     157         -0.119431        0.000000        0.07356216        0.23928581        0.30415007        0.28556474        0.01680490        0.01612955        0.02674018        0.02464444        0.01311815
     158         -0.098682        0.000000        0.11863014        0.01730241        0.46510394        0.16722422        0.00263826        0.00653601        0.14223827        0.07620992        0.00411683
     159         -0.087165        0.000000        0.19623935        0.40048639        0.04677093        0.07281171        0.14992958        0.04183012        0.01644487        0.04251960        0.03296746
     160         -0.086770        0.000000        0.20207017        0.38687357        0.05998322        0.05849936        0.14312066        0.04776685        0.01537874        0.04830454        0.03800289
     161         -0.084778        0.000000        0.18032800        0.39804224        0.05640744        0.09464892        0.14989772        0.03526787        0.01893494        0.03868665        0.02778623
     162         -0.084444        0.000000        0.18388155        0.36325856        0.06835856        0.10370097        0.14682161        0.03974480        0.01598534        0.04531155        0.03293705
     163         -0.078472        0.000000        0.13935052        0.00463407        0.45503582        0.15966620        0.00235753        0.02546138        0.12759753        0.08293264        0.00296431
     164         -0.074925        0.000000        0.13533134        0.01929844        0.45999106        0.14865827        0.00867935        0.02611844        0.12204068        0.07438242        0.00550000
     165         -0.070432        0.000000        0.20207706        0.00139921        0.06991755        0.25908390        0.00070721        0.00023982        0.06434408        0.00410677        0.39812441
     166         -0.069349        0.000000        0.15583830        0.23206240        0.18376245        0.12937118        0.13739121        0.04218701        0.01041577        0.06448326        0.04448842
     167         -0.069335        0.000000        0.15539925        0.23373217        0.18726502        0.12706462        0.13838322        0.04270507        0.01020737        0.06516388        0.04007940
     168         -0.063719        0.000000        0.15627398        0.20753464        0.16946722        0.17360358        0.13243973        0.03604309        0.02173168        0.05438148        0.04852458
     169         -0.063368        0.000000        0.17351442        0.08572443        0.19701932        0.21891889        0.05766114        0.01467984        0.07474988        0.02822925        0.14950283
     170         -0.061816        0.000000        0.16606843        0.13138463        0.16184897        0.24019134        0.09198019        0.02247050        0.04448953        0.03964216        0.10192425
     171         -0.061289        0.000000        0.24440654        0.00581831        0.14527916        0.31735917        0.00238889        0.00071303        0.10792937        0.01215433        0.16395120
     172         -0.060933        0.000000        0.30062352        0.02635479        0.04938142        0.36452882        0.00937636        0.00396901        0.09350846        0.02090501        0.13135261
     173         -0.059053        0.000000        0.25154181        0.02958440        0.11929548        0.32201376        0.01903397        0.00445671        0.09628927        0.02585802        0.13192657
     174         -0.055618        0.000000        0.12852911        0.15405489        0.12128803        0.32389316        0.14436392        0.01579954        0.03371240        0.03867334        0.03968560
     175         -0.055081        0.000000        0.11345657        0.20306921        0.08102736        0.32558711        0.17887378        0.01940145        0.01177749        0.03785729        0.02894973
     176         -0.054492        0.000000        0.28239733        0.02741040        0.07998196        0.35543822        0.01112567        0.00347895        0.09546732        0.01673311        0.12796703
     177         -0.052919        0.000000        0.16956595        0.13233747        0.22683395        0.23261092        0.07812901        0.01662558        0.04745419        0.05219330        0.04424963
     178         -0.050875        0.000000        0.16729303        0.08921707        0.38936431        0.13928499        0.02833802        0.03255143        0.08415407        0.06086652        0.00893054
     179         -0.050436        0.000000        0.14011760        0.01665896        0.36628369        0.21326839        0.00893246        0.02806262        0.11849105        0.04825354        0.05993168
     180         -0.048960        0.000000        0.13900079        0.01918457        0.27955381        0.24924476        0.00938778        0.01709065        0.10299357        0.04033989        0.14320419
     181         -0.047669        0.000000        0.15657272        0.15346438        0.31841227        0.14733871        0.05834552        0.03942955        0.05868953        0.05971566        0.00803166
     182         -0.047459        0.000000        0.14533711        0.35735590        0.09215000        0.15023880        0.13649756        0.03632446        0.01881259        0.03580649        0.02747709
     183         -0.046163        0.000000        0.10714034        0.38110169        0.02986523        0.22990564        0.16188705        0.03166962        0.01924667        0.01761165        0.02157212
     184         -0.045892        0.000000        0.07664376        0.36639355        0.08397366        0.18202842        0.14491052        0.04711004        0.06915245        0.01450119        0.01528640
     185         -0.044767        0.000000        0.07979850        0.40982588        0.06367082        0.15383771        0.15305789        0.04355700        0.06869368        0.01249544        0.01506307
     186         -0.044577        0.000000        0.12207844        0.28852340        0.14651772        0.20384963        0.12427108        0.03550690        0.02303590        0.03324792        0.02296900
     187         -0.043341        0.000000        0.09953197        0.33905875        0.09420722        0.17105161        0.12735041        0.04449017        0.06248016        0.02239926        0.03943045
     188         -0.040867        0.000000        0.11883041        0.13419402        0.35363610        0.11556268        0.05904172        0.08250102        0.04582136        0.07487290        0.01553978
     189         -0.040164        0.000000        0.11954943        0.26309252        0.04916652        0.28527870        0.10984650        0.02399564        0.04535973        0.01538439        0.08832656
     190         -0.039588        0.000000        0.15222603        0.13498605        0.04200308        0.36738906        0.06060003        0.01175707        0.05664786        0.01354068        0.16085014
     191         -0.035964        0.000000        0.10129943        0.29455899        0.15021166        0.19498264        0.12970083        0.04815993        0.02717404        0.03829176        0.01562073
     192         -0.033820        0.000000        0.11546327        0.13144610        0.37686421        0.09079284        0.05963326        0.08785976        0.04569131        0.08275511        0.00949412
     193         -0.029422        0.000000        0.11039879        0.27784906        0.21061076        0.15602024        0.11747311        0.03261244        0.04009595        0.04486150        0.01007815
