# Projected DOS for atomic kind P at iteration step i = 0, E(Fermi) =    -0.132351 a.u.
#     MO Eigenvalue [a.u.]      Occupation                 s                py                pz                px               d-2               d-1                d0               d+1               d+2
       1         -0.689346        2.000000        0.85535428        0.00001000        0.10981261        0.03069575        0.00000051        0.00000002        0.00132482        0.00246004        0.00034197
       2         -0.678267        2.000000        0.73555520        0.00000839        0.09449535        0.16117577        0.00000065        0.00000002        0.00405995        0.00374993        0.00095473
       3         -0.678262        2.000000        0.73555388        0.00000839        0.09448714        0.16118435        0.00000065        0.00000002        0.00406056        0.00375020        0.00095480
       4         -0.662808        2.000000        0.61923397        0.25562090        0.09513126        0.01644966        0.01030710        0.00037530        0.00000091        0.00285632        0.00002458
       5         -0.662601        2.000000        0.61908210        0.25583259        0.09514716        0.01637294        0.01030407        0.00037599        0.00000058        0.00286027        0.00002430
       6         -0.651856        2.000000        0.60359634        0.20652234        0.08624786        0.08290945        0.01404945        0.00030262        0.00252925        0.00373961        0.00010307
       7         -0.651850        2.000000        0.60360365        0.20651689        0.08624064        0.08291361        0.01405037        0.00030255        0.00252930        0.00373991        0.00010308
       8         -0.651649        2.000000        0.60355079        0.20671555        0.08627921        0.08272884        0.01404912        0.00030309        0.00252787        0.00374201        0.00010352
       9         -0.651643        2.000000        0.60355811        0.20671010        0.08627199        0.08273298        0.01405004        0.00030302        0.00252793        0.00374231        0.00010353
      10         -0.647818        2.000000        0.62072099        0.00000664        0.06986357        0.28511163        0.00000096        0.00000001        0.01547678        0.00644041        0.00237901
      11         -0.647814        2.000000        0.62072114        0.00000664        0.06986078        0.28511301        0.00000096        0.00000001        0.01547774        0.00644074        0.00237898
      12         -0.622270        2.000000        0.57743468        0.14116928        0.06906324        0.17553259        0.01957956        0.00011461        0.01092301        0.00582508        0.00035795
      13         -0.622266        2.000000        0.57743722        0.14116716        0.06905991        0.17553455        0.01957999        0.00011457        0.01092323        0.00582542        0.00035795
      14         -0.622063        2.000000        0.57754099        0.14128558        0.06912158        0.17524883        0.01959059        0.00011458        0.01091339        0.00582488        0.00035957
      15         -0.622058        2.000000        0.57754353        0.14128344        0.06911827        0.17525090        0.01959093        0.00011454        0.01091360        0.00582522        0.00035957
      16         -0.612131        2.000000        0.62056428        0.00000795        0.08445947        0.24451463        0.00000116        0.00000000        0.03988082        0.00645104        0.00412067
      17         -0.612128        2.000000        0.62056492        0.00000795        0.08446790        0.24450319        0.00000116        0.00000000        0.03988339        0.00645111        0.00412038
      18         -0.597174        2.000000        0.62604435        0.00000939        0.12775185        0.18236601        0.00000107        0.00000001        0.05666639        0.00305891        0.00410202
      19         -0.586478        2.000000        0.51339998        0.35470678        0.08308709        0.00287438        0.03033028        0.00190905        0.00711682        0.00463585        0.00193977
      20         -0.586435        2.000000        0.55391331        0.14936870        0.06860164        0.17547761        0.01958753        0.00002040        0.02608460        0.00608450        0.00086171
      21         -0.586433        2.000000        0.55391220        0.14936952        0.06860655        0.17547191        0.01958717        0.00002043        0.02608599        0.00608461        0.00086161
      22         -0.586324        2.000000        0.51315732        0.35492778        0.08308884        0.00288344        0.03031775        0.00191216        0.00714031        0.00464117        0.00193123
      23         -0.586211        2.000000        0.55403703        0.14946200        0.06863635        0.17524753        0.01959907        0.00002042        0.02604788        0.00608801        0.00086172
      24         -0.586209        2.000000        0.55403592        0.14946282        0.06864125        0.17524185        0.01959871        0.00002044        0.02604926        0.00608813        0.00086162
      25         -0.580263        2.000000        0.55921346        0.28847419        0.08589752        0.00726038        0.04239507        0.00124543        0.00841878        0.00484052        0.00225464
      26         -0.580258        2.000000        0.55922575        0.28846480        0.08589196        0.00726144        0.04239745        0.00124514        0.00841764        0.00484099        0.00225482
      27         -0.580136        2.000000        0.55910310        0.28854900        0.08591399        0.00725462        0.04240296        0.00124546        0.00843912        0.00484482        0.00224694
      28         -0.580130        2.000000        0.55911515        0.28854076        0.08590772        0.00725578        0.04240517        0.00124518        0.00843775        0.00484532        0.00224716
      29         -0.572498        2.000000        0.63263391        0.18515406        0.09053275        0.01338667        0.06008193        0.00015799        0.01021664        0.00522154        0.00261451
      30         -0.572493        2.000000        0.63264075        0.18515092        0.09052665        0.01338854        0.06008340        0.00015787        0.01021503        0.00522208        0.00261477
      31         -0.569127        2.000000        0.52368768        0.18203118        0.09289300        0.14353749        0.01669072        0.00024591        0.03699818        0.00287936        0.00103647
      32         -0.568868        2.000000        0.52369172        0.18224375        0.09290939        0.14335044        0.01669354        0.00024664        0.03694631        0.00288074        0.00103748
      33         -0.499458        2.000000        0.38730685        0.41511241        0.04031794        0.09619847        0.04414477        0.00206253        0.00825148        0.00522714        0.00137841
      34         -0.499455        2.000000        0.38730769        0.41510446        0.04032449        0.09619787        0.04414556        0.00206197        0.00825249        0.00522701        0.00137846
      35         -0.495069        2.000000        0.56059262        0.12433979        0.10504116        0.13045774        0.02354991        0.00180265        0.04287232        0.01098674        0.00035709
      36         -0.494989        2.000000        0.56025658        0.12428297        0.10504125        0.13083599        0.02353692        0.00180193        0.04289976        0.01100191        0.00034270
      37         -0.491599        2.000000        0.43883102        0.35600993        0.05328584        0.08176689        0.05404193        0.00108024        0.00925234        0.00440402        0.00132779
      38         -0.491597        2.000000        0.43882811        0.35600829        0.05329295        0.08176429        0.05404091        0.00108020        0.00925351        0.00440382        0.00132792
      39         -0.491439        2.000000        0.43880509        0.35616231        0.05328480        0.08162921        0.05407124        0.00107743        0.00924105        0.00440481        0.00132405
      40         -0.491437        2.000000        0.43880239        0.35616067        0.05329176        0.08162655        0.05407025        0.00107739        0.00924220        0.00440461        0.00132418
      41         -0.486044        2.000000        0.46249637        0.33392043        0.06535836        0.06656306        0.05605960        0.00108480        0.00989340        0.00328149        0.00134249
      42         -0.485846        2.000000        0.46234533        0.33428755        0.06534016        0.06638679        0.05606185        0.00108705        0.00987087        0.00328185        0.00133854
      43         -0.481811        2.000000        0.49863828        0.11517745        0.14707338        0.16419731        0.02484092        0.00148772        0.04249524        0.00524432        0.00084539
      44         -0.481811        2.000000        0.49863487        0.11515961        0.14707479        0.16421918        0.02484128        0.00148727        0.04249274        0.00524491        0.00084534
      45         -0.481794        2.000000        0.49827373        0.11491876        0.14720191        0.16470327        0.02482063        0.00148605        0.04251805        0.00525227        0.00082533
      46         -0.481794        2.000000        0.49827029        0.11490091        0.14720330        0.16472523        0.02482099        0.00148560        0.04251554        0.00525287        0.00082528
      47         -0.473322        2.000000        0.40763500        0.00000184        0.19245326        0.34170852        0.00000022        0.00000002        0.04857791        0.00681523        0.00280800
      48         -0.473319        2.000000        0.40764974        0.00000184        0.19246011        0.34168184        0.00000021        0.00000002        0.04858293        0.00681467        0.00280864
      49         -0.472011        2.000000        0.50750389        0.00000010        0.11461565        0.29975187        0.00000009        0.00000000        0.05629058        0.01581624        0.00602157
      50         -0.447118        2.000000        0.34524590        0.00007360        0.24628232        0.36407238        0.00002583        0.00000056        0.03997418        0.00045555        0.00386968
      51         -0.447117        2.000000        0.34525294        0.00007376        0.24628318        0.36406306        0.00002588        0.00000056        0.03997538        0.00045538        0.00386986
      52         -0.445206        2.000000        0.44654212        0.10074670        0.18197217        0.19917937        0.03237466        0.00062333        0.03563897        0.00094295        0.00197974
      53         -0.445205        2.000000        0.44653709        0.10073654        0.18197775        0.19919069        0.03237390        0.00062317        0.03563810        0.00094305        0.00197971
      54         -0.445158        2.000000        0.44697227        0.10074403        0.18185992        0.19883704        0.03237914        0.00062537        0.03564283        0.00094635        0.00199305
      55         -0.445157        2.000000        0.44696663        0.10073356        0.18186583        0.19884904        0.03237830        0.00062520        0.03564199        0.00094644        0.00199300
      56         -0.394875        2.000000        0.45236819        0.13628244        0.19072250        0.14708672        0.04727057        0.00035071        0.02156922        0.00137817        0.00297148
      57         -0.394872        2.000000        0.45236036        0.13628140        0.19072953        0.14709043        0.04726879        0.00035083        0.02156909        0.00137789        0.00297167
      58         -0.394870        2.000000        0.45152312        0.13576831        0.19142510        0.14783945        0.04714013        0.00035522        0.02162703        0.00136529        0.00295635
      59         -0.394868        2.000000        0.45151530        0.13576727        0.19143212        0.14784315        0.04713835        0.00035534        0.02162690        0.00136502        0.00295654
      60         -0.391804        2.000000        0.29212312        0.00004174        0.33618228        0.33201046        0.00001227        0.00000007        0.02935205        0.00104218        0.00923584
      61         -0.391801        2.000000        0.29211381        0.00004173        0.33619084        0.33201142        0.00001227        0.00000007        0.02935187        0.00104186        0.00923613
      62         -0.361152        2.000000        0.53570853        0.29836870        0.07514618        0.00646079        0.07271338        0.00269253        0.00004662        0.00473298        0.00413029
      63         -0.361028        2.000000        0.53537777        0.29873766        0.07513381        0.00645973        0.07271602        0.00269714        0.00004607        0.00473498        0.00409683
      64         -0.346978        2.000000        0.01893777        0.56352630        0.07332935        0.27550451        0.01268969        0.01157459        0.00407229        0.00641619        0.03394932
      65         -0.346977        2.000000        0.01893569        0.56351812        0.07334230        0.27549974        0.01268833        0.01157560        0.00407306        0.00641585        0.03395129
      66         -0.346883        2.000000        0.01893033        0.56287495        0.07349370        0.27601471        0.01267658        0.01156369        0.00408548        0.00641573        0.03394484
      67         -0.346881        2.000000        0.01892826        0.56286679        0.07350668        0.27600989        0.01267522        0.01156470        0.00408626        0.00641539        0.03394681
      68         -0.345623        2.000000        0.03141473        0.00000765        0.72890929        0.20231858        0.00000046        0.00000063        0.02763246        0.00276782        0.00694837
      69         -0.336446        2.000000        0.04955462        0.54292867        0.07688453        0.24979651        0.03505149        0.01222499        0.00344032        0.00702567        0.02309321
      70         -0.336445        2.000000        0.04955786        0.54293468        0.07687590        0.24979497        0.03505316        0.01222435        0.00343997        0.00702598        0.02309312
      71         -0.336389        2.000000        0.04949589        0.54211200        0.07717230        0.25044171        0.03500252        0.01222099        0.00344678        0.00702251        0.02308530
      72         -0.336388        2.000000        0.04949931        0.54211750        0.07716393        0.25044036        0.03500406        0.01222038        0.00344645        0.00702282        0.02308518
      73         -0.332039        2.000000        0.00759957        0.64852484        0.02603883        0.22641844        0.01028224        0.00838922        0.00922967        0.00391215        0.05960505
      74         -0.331915        2.000000        0.00761367        0.64799192        0.02623396        0.22674526        0.01029549        0.00837144        0.00925805        0.00391613        0.05957408
      75         -0.326805        2.000000        0.01127204        0.04269623        0.66663504        0.22927339        0.00423843        0.01054685        0.03071796        0.00078530        0.00383476
      76         -0.326645        2.000000        0.01127652        0.04271442        0.66663807        0.22926457        0.00423473        0.01054825        0.03072482        0.00077515        0.00382345
      77         -0.325338        2.000000        0.05381430        0.32194961        0.20715017        0.36341450        0.00045275        0.00972875        0.03676215        0.00286239        0.00386537
      78         -0.325334        2.000000        0.05381001        0.32194777        0.20717290        0.36339484        0.00045243        0.00972916        0.03676526        0.00286156        0.00386608
      79         -0.325302        2.000000        0.05365484        0.32185673        0.20749153        0.36333925        0.00044692        0.00972742        0.03678831        0.00284449        0.00385050
      80         -0.325298        2.000000        0.05365107        0.32185333        0.20751372        0.36332134        0.00044661        0.00972781        0.03679125        0.00284375        0.00385111
      81         -0.318975        2.000000        0.00279361        0.32459548        0.24457716        0.37486068        0.00214970        0.01710704        0.03232945        0.00010279        0.00148408
      82         -0.318973        2.000000        0.00279296        0.32459577        0.24458644        0.37484986        0.00214980        0.01710757        0.03233065        0.00010264        0.00148431
      83         -0.317358        2.000000        0.05838288        0.36817478        0.29177220        0.19395664        0.04140819        0.01482587        0.00769784        0.00683461        0.01694700
      84         -0.317356        2.000000        0.05838101        0.36817857        0.29176587        0.19396145        0.04140771        0.01482573        0.00769765        0.00683434        0.01694767
      85         -0.317293        2.000000        0.05806143        0.36716396        0.29247759        0.19468872        0.04127856        0.01482715        0.00774468        0.00681290        0.01694501
      86         -0.317292        2.000000        0.05805957        0.36716772        0.29247127        0.19469355        0.04127809        0.01482700        0.00774450        0.00681263        0.01694568
      87         -0.316810        2.000000        0.03988885        0.32880638        0.22452388        0.34795920        0.00034460        0.00014363        0.04751383        0.00405663        0.00676300
      88         -0.316805        2.000000        0.04001718        0.32917165        0.22399159        0.34794938        0.00033926        0.00013913        0.04752233        0.00407304        0.00679643
      89         -0.306105        2.000000        0.26146156        0.16224018        0.19446863        0.32282286        0.03209425        0.02127388        0.00293455        0.00268402        0.00002006
      90         -0.306102        2.000000        0.26146759        0.16223738        0.19447601        0.32281119        0.03209573        0.02127434        0.00293441        0.00268326        0.00002008
      91         -0.305064        2.000000        0.62171623        0.00000009        0.12327293        0.22788225        0.00000014        0.00000000        0.00003081        0.00845991        0.01863765
      92         -0.301397        2.000000        0.04452451        0.00000082        0.29709570        0.59365921        0.00000051        0.00000020        0.00903441        0.03608957        0.01959506
      93         -0.283429        2.000000        0.22807939        0.00000133        0.59723117        0.14510445        0.00000011        0.00000021        0.00269369        0.02047762        0.00641203
      94         -0.283422        2.000000        0.22808937        0.00000133        0.59722619        0.14509999        0.00000011        0.00000021        0.00269289        0.02047724        0.00641268
      95         -0.278266        2.000000        0.03927626        0.02045947        0.26625720        0.59883217        0.01527800        0.00508535        0.00786490        0.03006295        0.01688369
      96         -0.278116        2.000000        0.03921147        0.02046820        0.26611594        0.59906745        0.01529618        0.00508541        0.00785665        0.03001977        0.01687892
      97         -0.270865        2.000000        0.17296171        0.12841378        0.26501424        0.36708755        0.03424897        0.02550128        0.00392578        0.00258352        0.00026318
      98         -0.270864        2.000000        0.17295111        0.12841082        0.26501849        0.36709592        0.03424916        0.02550112        0.00392619        0.00258405        0.00026314
      99         -0.270810        2.000000        0.17275491        0.12837075        0.26519811        0.36717887        0.03422602        0.02548714        0.00395171        0.00257372        0.00025878
     100         -0.270810        2.000000        0.17274022        0.12836762        0.26520281        0.36719139        0.03422581        0.02548646        0.00395266        0.00257437        0.00025864
     101         -0.262502        2.000000        0.00000072        0.93934989        0.00000135        0.00000059        0.04298384        0.01766303        0.00000007        0.00000000        0.00000052
     102         -0.260674        2.000000        0.14386934        0.15707737        0.36319398        0.29547346        0.00780377        0.00102172        0.00879892        0.00755757        0.01520388
     103         -0.260668        2.000000        0.14387886        0.15708038        0.36317265        0.29548080        0.00780612        0.00102138        0.00879891        0.00755644        0.01520447
     104         -0.260590        2.000000        0.14391180        0.15712888        0.36283425        0.29577771        0.00782547        0.00101847        0.00882692        0.00753105        0.01514544
     105         -0.260585        2.000000        0.14392130        0.15713180        0.36281273        0.29578530        0.00782783        0.00101813        0.00882693        0.00752994        0.01514603
     106         -0.257906        2.000000        0.12314087        0.00001800        0.23622502        0.54971445        0.00000122        0.00000018        0.03513785        0.03828649        0.01747590
     107         -0.257901        2.000000        0.12314581        0.00001788        0.23626062        0.54967291        0.00000122        0.00000018        0.03514068        0.03828557        0.01747515
     108         -0.253909        2.000000        0.00000119        0.92251166        0.00000422        0.00000185        0.06220598        0.01527438        0.00000016        0.00000010        0.00000046
     109         -0.253905        2.000000        0.00000119        0.92251089        0.00000422        0.00000185        0.06220884        0.01527229        0.00000016        0.00000010        0.00000046
     110         -0.247817        2.000000        0.14730358        0.31861154        0.06990153        0.39865627        0.01520794        0.00167339        0.00083538        0.00145226        0.04635811
     111         -0.247707        2.000000        0.14728882        0.31835636        0.07000749        0.39894204        0.01523344        0.00166710        0.00083732        0.00144369        0.04622375
     112         -0.243189        2.000000        0.09605247        0.00000325        0.70772484        0.13467275        0.00000093        0.00000086        0.00528923        0.05163293        0.00462274
     113         -0.243184        2.000000        0.09604835        0.00000325        0.70772780        0.13467311        0.00000093        0.00000086        0.00528955        0.05163323        0.00462292
     114         -0.237891        2.000000        0.12423692        0.05597087        0.54620500        0.21644413        0.01297472        0.00965161        0.01288893        0.01888982        0.00273801
     115         -0.237890        2.000000        0.12423657        0.05598225        0.54616569        0.21647239        0.01297599        0.00965172        0.01289002        0.01888678        0.00273859
     116         -0.237863        2.000000        0.12430698        0.05604521        0.54596376        0.21658571        0.01299987        0.00964295        0.01290246        0.01880889        0.00274417
     117         -0.237861        2.000000        0.12430673        0.05605642        0.54592512        0.21661337        0.01300117        0.00964302        0.01290350        0.01880591        0.00274475
     118         -0.233773        2.000000        0.10925353        0.09026095        0.18611555        0.58475318        0.01778278        0.00334401        0.00294194        0.00540369        0.00014438
     119         -0.233716        2.000000        0.10937493        0.09044029        0.18590650        0.58474269        0.01776612        0.00333187        0.00293155        0.00536883        0.00013723
     120         -0.232386        2.000000        0.04721755        0.11382588        0.22163044        0.53201788        0.01862407        0.00179419        0.02062075        0.01809765        0.02617159
     121         -0.232382        2.000000        0.04721957        0.11382764        0.22165531        0.53199009        0.01862257        0.00179454        0.02062273        0.01809539        0.02617215
     122         -0.232311        2.000000        0.04713680        0.11380022        0.22181571        0.53203431        0.01866290        0.00180269        0.02060679        0.01803308        0.02610750
     123         -0.232307        2.000000        0.04713882        0.11380195        0.22184059        0.53200656        0.01866140        0.00180305        0.02060877        0.01803081        0.02610806
     124         -0.232294        2.000000        0.00000445        0.88933498        0.00002291        0.00000568        0.10095201        0.00967803        0.00000040        0.00000097        0.00000058
     125         -0.232291        2.000000        0.00000445        0.88933453        0.00002289        0.00000565        0.10095338        0.00967716        0.00000040        0.00000097        0.00000058
     126         -0.210984        2.000000        0.00000068        0.87452004        0.00000262        0.00000452        0.11822355        0.00724724        0.00000025        0.00000025        0.00000086
     127         -0.210982        2.000000        0.00000068        0.87452112        0.00000262        0.00000452        0.11822156        0.00724816        0.00000025        0.00000025        0.00000086
     128         -0.205528        2.000000        0.16521807        0.07731188        0.58826171        0.03630239        0.03195975        0.08632377        0.00449808        0.00027561        0.00984873
     129         -0.205453        2.000000        0.16511434        0.07697917        0.58877830        0.03617357        0.03197555        0.08637336        0.00448040        0.00026844        0.00985687
     130         -0.203243        2.000000        0.00000050        0.87644165        0.00000063        0.00000190        0.11472350        0.00883119        0.00000002        0.00000009        0.00000053
     131         -0.196025        2.000000        0.10006765        0.00012008        0.18326004        0.67840839        0.00000037        0.00002120        0.01589395        0.00289920        0.01932913
     132         -0.193258        2.000000        0.08100823        0.12663831        0.22448824        0.51321425        0.00016936        0.02160002        0.02785025        0.00003964        0.00499170
     133         -0.193158        2.000000        0.08095580        0.12685699        0.22458103        0.51289654        0.00017190        0.02164535        0.02789538        0.00003653        0.00496048
     134         -0.192414        2.000000        0.10479552        0.18194023        0.22023681        0.40805818        0.01167598        0.02930578        0.02943266        0.00872303        0.00583182
     135         -0.192412        2.000000        0.10479788        0.18194020        0.22021124        0.40808560        0.01167399        0.02930554        0.02943371        0.00872052        0.00583132
     136         -0.192360        2.000000        0.10470062        0.18176035        0.22063018        0.40794603        0.01164797        0.02930998        0.02941864        0.00874264        0.00584360
     137         -0.192358        2.000000        0.10470298        0.18176037        0.22060451        0.40797348        0.01164598        0.02930975        0.02941970        0.00874013        0.00584309
     138         -0.187898        2.000000        0.07902691        0.15450680        0.32984186        0.34357448        0.01033630        0.01721232        0.02052652        0.03088649        0.01408831
     139         -0.187897        2.000000        0.07902921        0.15451420        0.32982500        0.34358227        0.01033756        0.01721264        0.02052722        0.03088344        0.01408845
     140         -0.187809        2.000000        0.07893331        0.15444236        0.33012814        0.34348820        0.01032412        0.01721637        0.02049518        0.03088485        0.01408748
     141         -0.187809        2.000000        0.07893512        0.15444696        0.33011745        0.34349315        0.01032494        0.01721654        0.02049557        0.03088276        0.01408752
     142         -0.185196        2.000000        0.07398160        0.00000070        0.72104095        0.09664163        0.00000047        0.00000096        0.01283420        0.08531256        0.01018692
     143         -0.185194        2.000000        0.07397897        0.00000070        0.72105494        0.09662736        0.00000047        0.00000095        0.01283447        0.08531628        0.01018585
     144         -0.182041        2.000000        0.11444645        0.09354841        0.57059591        0.17454882        0.00266015        0.03345374        0.00394529        0.00277019        0.00403103
     145         -0.182037        2.000000        0.11444024        0.09354213        0.57061132        0.17454932        0.00265982        0.03345110        0.00394541        0.00276964        0.00403102
     146         -0.181985        2.000000        0.11440777        0.09342965        0.57088046        0.17440667        0.00266334        0.03346556        0.00394507        0.00276328        0.00403819
     147         -0.181981        2.000000        0.11440080        0.09342294        0.57089698        0.17440670        0.00266291        0.03346353        0.00394528        0.00276263        0.00403823
     148         -0.178391        2.000000        0.12269939        0.00000337        0.18752681        0.57835615        0.00000036        0.00000024        0.06107632        0.03410113        0.01623623
     149         -0.178388        2.000000        0.12270571        0.00000338        0.18753955        0.57833520        0.00000036        0.00000024        0.06108269        0.03409609        0.01623678
     150         -0.177661        2.000000        0.11232782        0.01244792        0.73513155        0.04937646        0.00674168        0.01476685        0.00319997        0.05561571        0.01039205
     151         -0.177658        2.000000        0.11231954        0.01244797        0.73514045        0.04937519        0.00674220        0.01476584        0.00320025        0.05561735        0.01039121
     152         -0.177599        2.000000        0.11239367        0.01257224        0.73504488        0.04943955        0.00672492        0.01477383        0.00318086        0.05546481        0.01040524
     153         -0.177596        2.000000        0.11238538        0.01257229        0.73505379        0.04943830        0.00672544        0.01477283        0.00318113        0.05546644        0.01040440
     154         -0.176020        2.000000        0.10100053        0.07661195        0.65240476        0.14630084        0.00571785        0.00685702        0.00218715        0.00696987        0.00195003
     155         -0.176016        2.000000        0.10099430        0.07660939        0.65242129        0.14629363        0.00571702        0.00685680        0.00218748        0.00696989        0.00195019
     156         -0.158169        2.000000        0.09482787        0.00000127        0.13735692        0.71804260        0.00000020        0.00000007        0.02941080        0.00079116        0.01956911
     157         -0.158169        2.000000        0.09482615        0.00000127        0.13736419        0.71803363        0.00000020        0.00000007        0.02941407        0.00079184        0.01956859
     158         -0.149219        2.000000        0.09484245        0.00190866        0.79448095        0.02796627        0.01308852        0.03184117        0.00018239        0.02642480        0.00926480
     159         -0.149163        2.000000        0.09473733        0.00187498        0.79449338        0.02798055        0.01309216        0.03181491        0.00018421        0.02653995        0.00928255
     160         -0.132351        2.000000        0.04761215        0.00000023        0.76738348        0.07666354        0.00000012        0.00000006        0.00328142        0.06399170        0.04106729
     161         -0.102758        0.000000        0.12478977        0.00000004        0.45755502        0.17177406        0.00000006        0.00000058        0.15801017        0.08444524        0.00342504
     162         -0.087607        0.000000        0.17049493        0.44194358        0.01570385        0.11512064        0.17232549        0.02073382        0.02173092        0.02747392        0.01447285
     163         -0.087468        0.000000        0.17069158        0.44130081        0.01571922        0.11540668        0.17235740        0.02071801        0.02175168        0.02752244        0.01453217
     164         -0.085951        0.000000        0.22971211        0.37092815        0.06821547        0.01659022        0.12798512        0.06550726        0.00957829        0.05939689        0.05208649
     165         -0.085927        0.000000        0.22966396        0.37055471        0.06821700        0.01671171        0.12821263        0.06552327        0.00960820        0.05935602        0.05215250
     166         -0.078233        0.000000        0.13901210        0.00035508        0.45498319        0.16371356        0.00037778        0.02352452        0.13094096        0.08477361        0.00231921
     167         -0.078087        0.000000        0.13917834        0.00036229        0.45504141        0.16362785        0.00037162        0.02355670        0.13085413        0.08469811        0.00230955
     168         -0.068729        0.000000        0.20686656        0.00004076        0.04126817        0.25706740        0.00002352        0.00000199        0.05387464        0.00269645        0.43816051
     169         -0.068562        0.000000        0.15496437        0.24421351        0.17441457        0.12338657        0.14425196        0.04357244        0.00827419        0.06536445        0.04155794
     170         -0.068560        0.000000        0.15495748        0.24424020        0.17434481        0.12342109        0.14427833        0.04356469        0.00827417        0.06536037        0.04155885
     171         -0.068463        0.000000        0.15489113        0.24406184        0.17441089        0.12360437        0.14437882        0.04357011        0.00827026        0.06528223        0.04153036
     172         -0.068462        0.000000        0.15488582        0.24408596        0.17435087        0.12363261        0.14440272        0.04356291        0.00827009        0.06527790        0.04153112
     173         -0.061829        0.000000        0.17761564        0.00005697        0.30508551        0.19121514        0.00002730        0.00000785        0.13077743        0.01915141        0.17606274
     174         -0.061827        0.000000        0.17761731        0.00005696        0.30503041        0.19123891        0.00002728        0.00000785        0.13075652        0.01914569        0.17611909
     175         -0.058177        0.000000        0.33632483        0.00008214        0.00564898        0.40223496        0.00003123        0.00000835        0.10346698        0.02384329        0.12835925
     176         -0.058174        0.000000        0.33631675        0.00008212        0.00564770        0.40224352        0.00003123        0.00000835        0.10346133        0.02384322        0.12836578
     177         -0.056511        0.000000        0.08108270        0.15122256        0.05785943        0.42817270        0.21359994        0.00725987        0.00201840        0.03489311        0.02389129
     178         -0.056376        0.000000        0.08107214        0.15098208        0.05780481        0.42820880        0.21379857        0.00727392        0.00202841        0.03493481        0.02389645
     179         -0.055576        0.000000        0.28497780        0.00002694        0.06220831        0.39206336        0.00000544        0.00000149        0.09781685        0.00477129        0.15812852
     180         -0.055576        0.000000        0.28498071        0.00002694        0.06221219        0.39205548        0.00000544        0.00000149        0.09781882        0.00477088        0.15812806
     181         -0.048979        0.000000        0.17455102        0.03956227        0.45351095        0.12760996        0.00751482        0.03555504        0.09042989        0.07036141        0.00090463
     182         -0.048976        0.000000        0.17438940        0.03930351        0.45372788        0.12770363        0.00744547        0.03558666        0.09060586        0.07032614        0.00091145
     183         -0.048929        0.000000        0.17545994        0.04077154        0.45262668        0.12697966        0.00785852        0.03543554        0.08959867        0.07052600        0.00074344
     184         -0.048926        0.000000        0.17530176        0.04051346        0.45284556        0.12707076        0.00778888        0.03546676        0.08977223        0.07049199        0.00074860
     185         -0.047538        0.000000        0.15172122        0.00113466        0.21526924        0.28212218        0.00040680        0.00007873        0.08733301        0.03830104        0.22363311
     186         -0.047537        0.000000        0.15170079        0.00113586        0.21531803        0.28211934        0.00040744        0.00007892        0.08733510        0.03830928        0.22359523
     187         -0.044803        0.000000        0.08295001        0.44148203        0.04664612        0.12413498        0.15995500        0.05036399        0.07252832        0.01136552        0.01057405
     188         -0.044802        0.000000        0.08311309        0.44174499        0.04643788        0.12402385        0.16002717        0.05032563        0.07236293        0.01139601        0.01056846
     189         -0.044711        0.000000        0.08231705        0.44057416        0.04732242        0.12469012        0.15980931        0.05054769        0.07318854        0.01126282        0.01028788
     190         -0.044710        0.000000        0.08247620        0.44084298        0.04711735        0.12456608        0.15988053        0.05051183        0.07303115        0.01129226        0.01028162
     191         -0.044586        0.000000        0.10122809        0.36091702        0.01231693        0.28402315        0.16828753        0.02634528        0.00590717        0.01457954        0.02639530
     192         -0.044584        0.000000        0.10122615        0.36091827        0.01232019        0.28402779        0.16829206        0.02634237        0.00590550        0.01457378        0.02639391
     193         -0.044383        0.000000        0.10141145        0.36034619        0.01237507        0.28410887        0.16821818        0.02631378        0.00595443        0.01464376        0.02662828
